0,441
0,440
172,35
3,3
10,33
10,133
10,83
10,307
10,312
10,231
10,181
10,1
10,153
10,2
10,3
11,26
11,5
11,14
11,9
11,20
11,1
11,10
11,2
11,3
9,7
9,6
9,1
9,4
8,5
8,12
8,11
8,16
8,13
18,1
18,3
14,5
2,2
2,1
2,3
168,5
168,4
168,3
168,2
168,1
168,0
167,4
167,2
167,0
166,3
166,2
166,1
166,0
165,4
165,3
165,2
165,1
165,0
164,3
164,2
164,1
164,0
163,3
163,2
163,1
163,0
162,3
162,2
162,1
162,0
161,5
161,4
161,3
161,2
161,1
161,0
160,5
160,4
160,3
160,2
160,1
160,0
159,4
159,3
159,2
159,1
159,0
158,7
158,6
158,5
158,4
158,3
158,2
158,1
158,0
47,420
47,419
47,418
47,417
47,416
47,415
47,414
47,413
47,412
47,411
47,410
47,409
47,408
47,173
47,172
47,162
47,161
47,157
47,156
47,155
20,3
20,2
20,1
19,3
19,2
19,1
12,3
12,2
12,1
9,3
9,2
8,18
8,17
8,10
8,9
8,8
8,4
8,3
8,2
8,1
0,575
0,541
0,533
0,470
0,465
0,463
0,462
0,461
0,455
